0.00123164 0.16744 0.560182 -> 0.0149622 0.44435 0.5078 0.065612 0.428811 0.677328
0.0149622 0.44435 0.5078 -> 0.000560717 0.446518 0.123946
0.000560717 0.446518 0.123946 -> 0.112392 0.283939 0.278096 0.000121057 0.510892 0
0.112392 0.283939 0.278096 -> 0.000239481 0.466087 0.031725
0.000239481 0.466087 0.031725 -> 0.00105739 0.609935 0.322901
0.00105739 0.609935 0.322901 -> 0.309067 0.410996 0.323333
0.309067 0.410996 0.323333 -> 0.000107321 0.340594 0 0.0550147 0.14778 0.648228
0.000107321 0.340594 0 -> 0.233958 0.151457 0.397282
0.233958 0.151457 0.397282 -> 0.010206 0.458361 0 0.00105739 0.609935 0.322901
0.010206 0.458361 0 -> 0.00119813 0.414296 0.390772 0.057067 0.411334 0.57877
0.00119813 0.414296 0.390772 -> 0.230217 0.37013 0.539519
0.230217 0.37013 0.539519 -> 5.05417e-05 0.366192 0 0.00119813 0.414296 0.390772
0.5417 0.366192 0 -> 0.15808 0.0837037 0.48573 0.00836851 0.503434 0.090325
0.15808 0.0837037 0.48573 -> 0.000103233 0.0624626 0.556072
0.000103233 0.0624626 0.556072 -> 0.000119113 0.499601 0 
0.000119113 0.499601 0 -> 0.000257836 0.333529 0
0.000257836 0.333529 0 -> 0.0330314 0.165792 0.319606 0.103034 0.188043 0.277751
0.0330314 0.165792 0.319606 -> 0.056482 0.380098 0.0292187
0.056482 0.380098 0.0292187 -> 0.000109939 0.212318 0 0.000160283 0.460478 0
0.000109939 0.212318 0 -> 0.057067 0.411334 0.57877
0.057067 0.411334 0.57877 -> 0.146565 0.488347 0.332799
0.146565 0.488347 0.332799 -> 0.121512 0.355522 0.389203
0.121512 0.355522 0.389203 -> 0.00415118 0.437645 0.133583
0.00415118 0.437645 0.133583 -> 0.0857959 0.474442 0.456729
0.0857959 0.474442 0.456729 -> 0.00022457 0.302531 0.338786 0.0119767 0.493449 0.0798052
0.00022457 0.302531 0.338786 -> 0.0315151 0.263789 0.220042
0.0315151 0.263789 0.220042 -> 0.222922 0.191547 0.244651
0.222922 0.191547 0.244651 -> 0.0384617 0.339507 0 0.00022457 0.302531 0.338786
0.0384617 0.339507 0 -> 0.000120506 0.425797 0.238501
0.000120506 0.425797 0.238501 -> 0.065612 0.428811 0.677328 0.23559 0.369136 0.565851
0.065612 0.428811 0.677328 -> 0.00663386 0.457423 0.0791492 0.00022352 0.467099 0.384537
0.00663386 0.457423 0.0791492 -> 0.0955181 0.475689 0.480461 0.0149622 0.44435 0.5078
0.0955181 0.475689 0.480461 -> 0.0550147 0.14778 0.648228
0.0550147 0.14778 0.648228 -> 0.0143374 0.464061 0.127541 0.000188053 0.500401 0.11092
0.0143374 0.464061 0.127541 -> 0.00836851 0.503434 0.090325 0.233958 0.151457 0.397282
0.00836851 0.503434 0.090325 -> 0.119912 0.447243 0.36235
0.119912 0.447243 0.36235 -> 0.0322382 0.464378 0 0.00153081 0.44557 0.296369
0.0322382 0.464378 0 -> 0.103034 0.188043 0.277751 
0.103034 0.188043 0.277751 -> 0.000160283 0.460478 0 0.000119113 0.499601 0
0.000160283 0.460478 0 -> 0.000180511 0.352029 0.240928
0.000180511 0.352029 0.240928 -> 0.000121057 0.510892 0 0.121512 0.355522 0.389203
0.000121057 0.510892 0 -> 0.0119767 0.493449 0.0798052
0.0119767 0.493449 0.0798052 -> 0.00240371 0.303676 0 0.0646591 0.516131 0.185141
0.00240371 0.303676 0 -> 0.23559 0.369136 0.565851 0.0384617 0.339507 0
0.23559 0.369136 0.565851 -> 0.00022352 0.467099 0.384537 0.0464032 0.439115 0.083845
0.00022352 0.467099 0.384537 -> 0.0646591 0.516131 0.185141 0.000131767 0.482155 0.195587
0.0646591 0.516131 0.185141 -> 0.000188053 0.500401 0.11092 0.0955181 0.475689 0.480461
0.000188053 0.500401 0.11092 -> 0.000169498 0.338229 0 0.386696 0.191472 0.587782
0.000169498 0.338229 0 -> 0.00153081 0.44557 0.296369 0.0143374 0.464061 0.127541
0.00153081 0.44557 0.296369 -> 0.000141344 0.272882 0 0.00169486 0.227917 0.460546
0.000141344 0.272882 0 -> 0.0464032 0.439115 0.083845 0.0322382 0.464378 0
0.0464032 0.439115 0.083845 -> 0.000131767 0.482155 0.195587 0.44993 0.224491 0.191134
0.000131767 0.482155 0.195587 -> 0.386696 0.191472 0.587782 7.93207e-05 0.0963193 0.23556
0.386696 0.191472 0.587782 -> 0.00169486 0.227917 0.460546
0.00169486 0.227917 0.460546 -> 0.44993 0.224491 0.191134
0.44993 0.224491 0.191134 -> 7.93207e-05 0.0963193 0.23556 0.000210072 0.424204 0
0.793207 0.0963193 0.23556 -> 0.424777 0.0985527 0.399671 0.189453 0.477775 0.455225
0.424777 0.0985527 0.399671 -> 0.000210072 0.424204 0 0.000169498 0.338229 0
0.000210072 0.424204 0 -> 0.189453 0.477775 0.455225 0.0646591 0.516131 0.185141
0.189453 0.477775 0.455225