0.539126 0.631254 0.100536 -> 0.891245 0.234512 0.200643 0.150000 0.421256 0.040123
0.891245 0.234512 0.200643 -> 0.150000 0.421256 0.040123 0.814325 0.234512 0.306345 0.653847 0.341235 0.405632
0.150000 0.421256 0.040123 -> 0.241634 0.250000 0.234523 0.170000 0.134201 0.251123 0.221000 0.412325 0.351234
0.241634 0.250000 0.234523 -> 0.814325 0.234512 0.306345 0.689321 0.280000 0.452632 0.741278 0.420000 0.391739
0.814325 0.234512 0.306345 -> 0.653847 0.341235 0.405632 0.743128 0.237412 0.401234 0.643425 0.205214 0.510123
0.653847 0.341235 0.405632 -> 0.170000 0.134201 0.251123 0.523431 0.352541 0.432165 0.562310 0.402514 0.523143
0.170000 0.134201 0.251123 -> 0.221000 0.412325 0.351234 0.340000 0.274512 0.134621 0.380000 0.298123 0.201235
0.221000 0.412325 0.351234 -> 0.689321 0.280000 0.452632 0.410000 0.325100 0.235236 0.435000 0.352542 0.301532
0.689321 0.280000 0.452632 -> 0.741278 0.420000 0.391739 0.463145 0.480000 0.265421 0.512536 0.540000 0.235126
0.741278 0.420000 0.391739 -> 0.743128 0.237412 0.401234 0.536000 0.320000 0.321532 0.556000 0.465123 0.355642
0.743128 0.237412 0.401234 -> 0.643425 0.205214 0.510123 0.812345 0.431234 0.400123 0.632125 0.421532 0.478215
0.643425 0.205214 0.510123 -> 0.523431 0.352541 0.432165 0.856123 0.512000 0.421632 0.653125 0.412536 0.511234
0.523431 0.352541 0.432165 -> 0.562310 0.402514 0.523143 0.613234 0.358214 0.456231
0.562310 0.402514 0.523143 -> 0.340000 0.274512 0.134621 0.734156 0.435123 0.532165
0.340000 0.274512 0.134621 -> 0.380000 0.298123 0.201235 0.821236 0.498123 0.563241 0.873512 0.436211 0.425346
0.380000 0.298123 0.201235 -> 0.410000 0.325100 0.235236 0.850123 0.421345 0.392465
0.410000 0.325100 0.235236 -> 0.435000 0.352542 0.301532 0.921234 0.452000 0.525123
0.435000 0.352542 0.301532 -> 0.463145 0.480000 0.265421 0.945236 0.490000 0.578215
0.463145 0.480000 0.265421 -> 0.512536 0.540000 0.235126 0.965432 0.523145 0.612345
0.512536 0.540000 0.235126 -> 0.536000 0.320000 0.321532 0.987541 0.540000 0.631245
0.536000 0.320000 0.321532 -> 0.556000 0.465123 0.355642 
0.556000 0.465123 0.355642 -> 0.812345 0.431234 0.400123 0.539126 0.631254 0.100536
0.812345 0.431234 0.400123 -> 0.856123 0.512000 0.421632 
0.856123 0.512000 0.421632 -> 0.613234 0.358214 0.456231
0.613234 0.358214 0.456231 -> 0.632125 0.421532 0.478215
0.632125 0.421532 0.478215 -> 0.653125 0.412536 0.511234
0.653125 0.412536 0.511234 -> 0.734156 0.435123 0.532165 0.150000 0.421256 0.040123
0.734156 0.435123 0.532165 -> 0.821236 0.498123 0.563241 0.870578 0.726307 0.954524 0.241634 0.250000 0.234523 0.150000 0.421256 0.040123
0.821236 0.498123 0.563241 -> 0.850123 0.421345 0.392465
0.850123 0.421345 0.392465 -> 0.873512 0.436211 0.425346
0.873512 0.436211 0.425346 -> 0.896531 0.401256 0.491236
0.896531 0.401256 0.491236 -> 0.921234 0.452000 0.525123
0.921234 0.452000 0.525123 -> 0.945236 0.490000 0.578215
0.945236 0.490000 0.578215 -> 0.965432 0.523145 0.612345 0.870578 0.726307 0.954524 0.891245 0.234512 0.200643 0.241634 0.250000 0.234523
0.965432 0.523145 0.612345 -> 0.987541 0.540000 0.631245
0.987541 0.540000 0.631245 -> 0.951236 0.510123 0.643214
0.951236 0.510123 0.643214 -> 0.930124 0.524632 0.663421
0.930124 0.524632 0.663421 -> 0.896541 0.531245 0.675123
0.896541 0.531245 0.675123 -> 0.874123 0.540123 0.698214
0.874123 0.540123 0.698214 -> 0.870578 0.726307 0.954524 0.891245 0.234512 0.200643 0.150000 0.421256 0.040123
0.870578 0.726307 0.954524 
